75
10 0 10
100 0 10
100 0 100
10 0 100
20 0 20
80 0 20
80 0 80
20 0 80
0 0 0
128 0 0
0 0 128
30 30 30
60 80 60
70 90 70
100 30 10
100 30 100
80 30 80
80 30 20
20 30 20
10 30 10
10 30 100
100 30 100
80 30 80
20 30 80
20 30 20
10 30 10
128 0 128
100 70 10
100 70 100
80 70 80
80 70 80
100 70 100
100 70 10
100 70 10
80 70 80
80 70 20
80 70 20
80 70 80
100 70 10
100 70 10
80 70 20
20 70 20
20 70 20
80 70 20
100 70 10
100 70 10
20 70 20
10 70 10
10 70 10
20 70 20
100 70 10
10 70 100
100 70 100
80 70 80
80 70 80
100 70 100
10 70 100
10 70 100
80 70 80
20 70 80
20 70 80
80 70 80
10 70 100
10 70 100
20 70 80
20 70 20
20 70 20
20 70 80
10 70 100
10 70 100
20 70 20
10 70 10
10 70 10
20 70 20
10 70 100
39
0 15 16 17
0 17 16 15
0 15 17 18
0 18 17 15
0 15 18 19
0 19 18 15
0 15 19 20
0 20 19 15
0 21 22 23
0 23 22 21
0 21 23 24
0 24 23 21
0 21 24 25
0 25 24 21
0 21 25 26
0 26 25 21
0 9 10 11
0 11 10 9
0 10 27 11
0 11 27 10
0 28 29 30
0 31 32 33
0 34 35 36
0 37 38 39
0 40 41 42
0 43 44 45
0 46 47 48
0 49 50 51
0 52 53 54
0 55 56 57
0 58 59 60
0 61 62 63
0 64 65 66
0 67 68 69
0 70 71 72
0 73 74 75
7 12 10
7 13 10
7 14 10
0
