100
888 952
697 997
293 354
832 634
977 707
74 189
181 718
9 751
28 362
248 421
916 113
377 795
614 449
178 588
334 543
667 205
609 384
999 786
991 637
717 120
543 366
586 418
701 816
562 570
429 721
704 214
329 666
601 658
396 67
622 819
235 697
89 712
914 247
915 799
742 237
475 524
167 828
691 833
368 650
818 562
477 917
73 198
306 980
285 929
768 547
474 824
704 152
89 461
113 622
499 680
507 6
886 764
770 467
687 285
737 954
163 458
630 826
964 789
457 812
663 122
120 811
586 29
982 755
238 454
87 755
142 638
671 520
388 421
816 609
789 392
450 422
756 1002
985 972
510 954
184 225
250 106
385 174
366 529
679 230
932 144
105 756
628 726
224 595
942 826
369 1008
359 880
317 954
432 389
969 304
219 388
42 53
377 51
881 120
696 901
275 808
825 291
549 102
404 440
322 185
595 349

100
w 0.430304340353
0
w 0.71603902693
1
w 0.432571140115
2
w 0.701380902948
3
w 0.838428874749
4
w 0.187960785152
5
w 0.629362850748
6
w 0.510422238836
7
w 0.359180337297
8
w 0.845873043484
9
w 0.466113589553
10
w 0.699916659787
11
w 0.738633700051
12
w 0.248440552434
13
w 0.55063179941
14
w 0.304605005018
15
w 0.258074536313
16
w 0.538300542673
17
w 0.326377414073
18
w 0.804510073706
19
w 0.757590982826
20
w 0.630175115063
21
w 0.596818878655
22
w 0.179644574459
23
w 0.33433061427
24
w 0.709746183593
25
w 0.77081802037
26
w 0.75097613861
27
w 0.875644666864
28
w 0.114829633094
29
w 0.405426281058
30
w 0.874548594536
31
w 0.615123939227
32
w 0.791125804739
33
w 0.849580549773
34
w 0.284618304091
35
w 0.641973654849
36
w 0.673336273453
37
w 0.538468934692
38
w 0.439866818227
39
w 0.122758974352
40
w 0.720049351776
41
w 0.681435770936
42
w 0.115647995353
43
w 0.88910966236
44
w 0.515074051221
45
w 0.185355318315
46
w 0.427716233592
47
w 0.511324217332
48
w 0.268476920792
49
w 0.690693800478
50
w 0.12788579645
51
w 0.806948815849
52
w 0.423806390474
53
w 0.622841665195
54
w 0.440303337699
55
w 0.672817622982
56
w 0.841550471833
57
w 0.524647969899
58
w 0.550496323527
59
w 0.340433041401
60
w 0.582813638446
61
w 0.628667186802
62
w 0.795353524384
63
w 0.40908459489
64
w 0.1699721097
65
w 0.666322122766
66
w 0.597574725891
67
w 0.122971836234
68
w 0.361961458635
69
w 0.715934955676
70
w 0.352783444888
71
w 0.242870009814
72
w 0.496958776453
73
w 0.120386188407
74
w 0.422859573667
75
w 0.533396449788
76
w 0.839970036845
77
w 0.697641366987
78
w 0.234582762833
79
w 0.111973455912
80
w 0.455321585888
81
w 0.48174355039
82
w 0.206917535196
83
w 0.598323303789
84
w 0.225039617712
85
w 0.31583442226
86
w 0.79040072283
87
w 0.350725317452
88
w 0.514098907921
89
w 0.440154255137
90
w 0.321226467847
91
w 0.507993797173
92
w 0.30127199802
93
w 0.125529138409
94
w 0.330745599796
95
w 0.642541883186
96
w 0.300759857913
97
w 0.230974053604
98
w 0.331934427707
99
