200
466 1008
659 817
671 869
528 339
203 931
761 257
702 750
307 961
893 206
159 369
945 402
879 166
136 322
329 95
1015 437
10 194
312 288
272 318
265 240
700 340
239 994
773 152
733 696
472 592
424 220
849 196
75 420
739 287
508 482
364 226
887 722
959 457
178 274
922 688
524 680
700 737
248 842
866 338
357 554
506 619
718 713
828 554
537 961
638 452
259 409
784 519
96 842
840 138
977 116
498 13
626 490
404 785
683 721
964 883
971 865
686 637
374 143
109 1017
880 831
761 807
396 617
922 33
676 334
686 311
988 932
455 261
117 690
500 983
484 678
184 345
568 588
912 222
487 229
850 873
211 618
428 277
931 724
81 155
342 64
238 979
122 900
424 927
538 513
787 415
205 492
974 501
656 433
738 638
497 867
395 936
512 31
445 819
132 372
924 700
864 605
761 463
814 151
635 541
309 505
890 940
324 828
655 24
777 840
384 350
495 999
372 695
727 149
271 850
51 519
353 236
773 118
56 696
626 47
862 842
475 490
670 931
393 80
119 134
272 123
285 160
461 1012
984 418
909 616
778 493
1006 169
455 663
821 648
475 705
429 526
317 484
616 495
424 255
659 1016
661 68
409 485
333 642
287 867
820 399
983 282
44 777
704 432
642 109
918 112
338 464
367 5
1008 777
188 554
441 804
417 925
47 11
288 744
743 863
393 227
157 896
378 705
259 232
305 568
864 219
589 133
59 823
927 300
808 148
125 49
755 568
457 949
352 929
47 177
631 557
435 410
793 824
685 248
819 858
27 11
482 296
419 212
562 751
749 718
248 606
16 172
1022 156
18 384
364 723
208 240
214 235
230 406
152 84
471 452
769 550
387 415
917 898
792 470
470 669
732 53
851 476
794 414
611 337
951 899
637 448
269 883
159 15
200
0
1
2
3
4
5
6
7
8
9
10
11
12
13
14
15
16
17
18
19
20
21
22
23
24
25
26
27
28
29
30
31
32
33
34
35
36
37
38
39
40
41
42
43
44
45
46
47
48
49
50
51
52
53
54
55
56
57
58
59
60
61
62
63
64
65
66
67
68
69
70
71
72
73
74
75
76
77
78
79
80
81
82
83
84
85
86
87
88
89
90
91
92
93
94
95
96
97
98
99
100
101
102
103
104
105
106
107
108
109
110
111
112
113
114
115
116
117
118
119
120
121
122
123
124
125
126
127
128
129
130
131
132
133
134
135
136
137
138
139
140
141
142
143
144
145
146
147
148
149
150
151
152
153
154
155
156
157
158
159
160
161
162
163
164
165
166
167
168
169
170
171
172
173
174
175
176
177
178
179
180
181
182
183
184
185
186
187
188
189
190
191
192
193
194
195
196
197
198
199
