50
828 969
412 750
370 62
151 381
622 653
535 100
55 480
172 733
397 6
464 273
233 358
870 39
129 327
510 670
514 784
87 497
116 38
19 606
964 733
813 1
142 364
763 663
767 144
965 729
463 675
204 266
1 1023
390 482
996 925
755 328
943 211
831 713
28 65
439 231
672 533
850 67
612 663
328 459
524 659
626 552
434 866
397 733
992 315
150 577
578 30
240 488
103 880
790 129
626 601
964 777

50
w 0.338336001572
0
w 0.404080750432
1
w 0.631859297695
2
w 0.58255057786
3
w 0.345020391193
4
w 0.539925273024
5
w 0.535138319035
6
w 0.46947694894
7
w 0.417263863291
8
w 0.356356364176
9
w 0.43973583813
10
w 0.43301701759
11
w 0.469867769059
12
w 0.483152315375
13
w 0.616394831576
14
w 0.679085672896
15
w 0.49555682063
16
w 0.530755931858
17
w 0.444647007936
18
w 0.593457500626
19
w 0.653789195679
20
w 0.344078146128
21
w 0.405188731743
22
w 0.692936371071
23
w 0.586288101608
24
w 0.549193112492
25
w 0.457147810832
26
w 0.330535641691
27
w 0.628404872352
28
w 0.32554353253
29
w 0.350688460307
30
w 0.441249150175
31
w 0.558534879836
32
w 0.41652475357
33
w 0.575549601255
34
w 0.456083285455
35
w 0.468547458033
36
w 0.341591550539
37
w 0.555829758893
38
w 0.583407938412
39
w 0.350303088029
40
w 0.656657260243
41
w 0.322207327356
42
w 0.556367199587
43
w 0.483068072515
44
w 0.384055162107
45
w 0.309725939709
46
w 0.401551354254
47
w 0.506949284298
48
w 0.697241051883
49
