24
896.0 512.0
882.915517295 611.386513319
844.553755053 704.0
783.529003976 783.529003976
704.0 844.553755053
611.386513319 882.915517295
512.0 896.0
412.613486681 882.915517295
320.0 844.553755053
240.470996024 783.529003976
179.446244947 704.0
141.084482705 611.386513319
128.0 512.0
141.084482705 412.613486681
179.446244947 320.0
240.470996024 240.470996024
320.0 179.446244947
412.613486681 141.084482705
512.0 128.0
611.386513319 141.084482705
704.0 179.446244947
783.529003976 240.470996024
844.553755053 320.0
882.915517295 412.613486681

24
0
1
2
3
4
5
6
7
8
9
10
11
12
13
14
15
16
17
18
19
20
21
22
23
