100
614 366
973 703
211 367
783 842
894 792
103 356
714 698
185 518
665 41
951 717
95 534
422 13
454 193
3 0
650 381
710 488
738 442
734 497
213 550
414 101
12 91
737 707
497 969
954 608
145 284
941 641
622 984
511 630
631 113
996 607
893 455
1008 598
65 302
1018 932
155 170
210 498
529 365
321 347
298 153
1019 1012
861 109
578 1021
270 196
92 152
971 11
239 545
992 391
511 172
881 532
35 790
802 243
40 650
341 498
865 834
788 427
888 771
320 38
268 519
172 776
885 493
174 733
933 56
413 873
865 702
629 366
376 215
403 1020
325 101
763 787
289 744
609 59
985 88
490 598
236 79
693 613
648 161
244 794
450 74
846 856
750 84
193 259
667 947
646 759
275 406
421 654
329 405
887 329
593 1021
436 260
957 1
342 293
776 619
758 301
576 166
888 608
644 81
49 623
173 991
825 184
292 138

100
w 0.423761925963
0
w 0.6417672331
1
w 0.698851534356
2
w 0.521203645702
3
w 0.30614068679
4
w 0.302218923962
5
w 0.426508355641
6
w 0.55504838414
7
w 0.466801696421
8
w 0.670833748583
9
w 0.561640757349
10
w 0.472658927838
11
w 0.451789594829
12
w 0.488520480347
13
w 0.695586888438
14
w 0.580467643031
15
w 0.414435491302
16
w 0.42996699581
17
w 0.350549885964
18
w 0.47749528821
19
w 0.545865463278
20
w 0.330557079051
21
w 0.662376290278
22
w 0.446667580196
23
w 0.372684306948
24
w 0.316533996239
25
w 0.370211150931
26
w 0.416929472464
27
w 0.53577697207
28
w 0.656815360464
29
w 0.483677251704
30
w 0.399199219154
31
w 0.43660076119
32
w 0.600542532546
33
w 0.41772220133
34
w 0.441157334136
35
w 0.369351736421
36
w 0.414774592109
37
w 0.445468170511
38
w 0.362648524199
39
w 0.446837533878
40
w 0.30826441184
41
w 0.408039260163
42
w 0.62866869901
43
w 0.520770989871
44
w 0.695323174559
45
w 0.415633993959
46
w 0.644397887397
47
w 0.622446483866
48
w 0.310396349015
49
w 0.486450580752
50
w 0.685891491449
51
w 0.580957547597
52
w 0.47883596349
53
w 0.556315989283
54
w 0.632444115338
55
w 0.3450928415
56
w 0.480719209519
57
w 0.642070998331
58
w 0.463514733877
59
w 0.625076082706
60
w 0.319795283099
61
w 0.498085033913
62
w 0.480515949997
63
w 0.311964535904
64
w 0.680061125003
65
w 0.379557374646
66
w 0.513905186767
67
w 0.496057971367
68
w 0.538960718879
69
w 0.671362680476
70
w 0.484592721433
71
w 0.346477485959
72
w 0.634464145469
73
w 0.317570626544
74
w 0.456067545047
75
w 0.610047162495
76
w 0.360589404574
77
w 0.629397188451
78
w 0.644484162791
79
w 0.416740612308
80
w 0.431592292523
81
w 0.359606331696
82
w 0.400876151401
83
w 0.509203696903
84
w 0.496365203081
85
w 0.55191945201
86
w 0.325991023226
87
w 0.520236692479
88
w 0.479285243098
89
w 0.336218597428
90
w 0.486414957014
91
w 0.660896940975
92
w 0.511044169051
93
w 0.478295963182
94
w 0.416917356445
95
w 0.698092659376
96
w 0.564244888672
97
w 0.504892293121
98
w 0.599191388737
99
