500
899 685
151 45
446 16
475 81
732 690
477 95
422 683
438 283
706 82
156 110
7 740
721 271
465 854
944 6
336 929
0 561
848 423
326 293
484 856
360 129
30 789
216 997
309 816
547 673
768 398
813 381
660 616
881 838
525 801
479 609
725 295
784 793
766 852
571 695
380 558
341 230
394 774
35 845
731 389
1012 151
892 576
705 851
503 858
297 228
409 32
108 822
444 973
4 936
846 210
269 906
841 160
968 69
344 1022
793 249
525 163
728 223
786 367
691 852
200 23
89 453
445 555
72 300
762 295
657 780
365 611
433 41
555 771
54 208
376 173
157 668
696 555
322 1004
982 311
495 612
257 595
550 211
171 302
159 959
332 555
791 985
537 397
600 273
587 281
214 702
690 196
989 904
911 134
88 828
194 335
587 804
313 37
136 66
379 424
768 930
950 166
175 990
725 523
969 1008
518 121
1021 567
85 719
348 111
594 21
522 808
137 901
1002 658
547 103
893 396
833 757
525 189
623 683
608 45
670 889
951 521
652 51
698 817
710 945
313 862
892 945
3 445
432 657
47 591
336 1018
794 572
532 309
168 619
458 884
463 842
244 221
357 792
161 341
709 698
998 842
693 210
930 967
118 410
562 23
861 313
740 741
975 185
412 643
519 475
777 321
759 651
967 177
318 906
701 345
333 851
278 343
973 98
646 694
901 574
823 537
393 681
497 810
25 655
91 585
513 418
204 495
423 109
231 717
335 925
998 443
780 612
980 737
499 245
243 337
612 478
980 677
510 108
517 730
273 717
447 658
136 921
265 942
841 282
664 499
536 956
545 84
765 1003
918 878
99 246
963 814
725 660
458 814
149 788
733 529
21 286
688 580
168 400
282 162
883 38
770 433
479 246
795 644
17 279
864 156
606 84
266 572
273 689
863 110
808 941
34 775
305 385
468 230
857 520
356 387
250 457
21 243
459 1000
589 138
770 963
126 508
89 173
492 491
592 74
828 862
136 910
379 886
283 344
125 819
923 697
666 23
27 164
362 699
277 168
71 666
448 971
523 583
622 961
745 257
93 663
587 658
851 963
232 481
308 179
1014 67
459 585
752 718
799 248
282 470
600 294
387 864
454 496
407 710
737 311
418 936
720 76
730 784
942 341
911 105
80 652
459 607
366 276
223 874
271 976
276 62
424 751
214 552
998 831
590 974
313 285
988 249
404 886
197 546
554 1020
465 318
392 879
94 340
168 444
70 58
853 705
242 22
29 595
136 463
497 73
52 169
900 495
518 903
939 918
94 775
120 569
727 94
354 535
791 474
952 985
656 112
733 418
535 259
1010 36
446 661
542 244
847 98
439 647
658 895
1022 870
361 53
147 292
376 237
23 420
591 404
938 749
1012 556
154 610
638 257
454 798
621 661
750 786
716 763
597 378
498 754
20 829
4 264
986 7
310 769
706 980
952 30
601 828
183 237
818 120
237 710
194 604
619 662
942 559
507 166
364 956
416 73
397 290
923 6
569 798
934 557
951 304
232 73
321 1003
803 699
288 397
784 579
205 460
864 23
97 660
909 429
850 662
660 858
379 352
148 1000
192 938
214 893
615 119
672 451
979 239
272 767
837 814
310 365
439 350
924 567
723 1013
826 906
146 710
695 1012
30 140
501 713
865 327
906 774
1003 217
472 80
60 53
658 510
341 172
691 558
462 88
676 272
878 707
789 370
506 974
112 452
10 90
1019 323
877 296
8 757
1017 922
203 888
350 950
281 870
441 759
100 491
137 0
379 879
358 299
566 889
844 319
152 1023
64 1
584 940
216 668
909 674
740 652
270 431
778 81
365 357
921 94
945 528
291 906
360 577
533 474
157 776
482 147
101 419
225 666
749 23
674 220
247 660
812 375
74 173
512 487
994 885
265 132
594 744
235 990
77 796
847 239
782 423
710 363
364 175
59 653
258 681
188 752
294 653
778 993
606 1011
626 883
270 949
554 264
732 521
749 98
66 851
65 220
926 928
760 529
770 538
680 601
585 701
336 217
472 711
1019 97
624 128
693 1017
67 899
881 935
489 1023
927 439
217 51
724 87
921 36
186 208
29 1009
378 530
12 208
600 950
555 676
90 361
857 198
752 939
894 46
974 42
1020 948
593 15
186 744
53 745
888 472
70 20
677 175
866 312
514 386
536 331
444 612
925 380
462 166
546 570
797 1011
959 841
161 12
487 906
807 930
15 567
161 647
711 517
849 702
847 384
450 648
122 104
349 481
206 502
308 127
861 769
80 324
465 903
122 982
240 410
970 732
102 703

500
w 0.835557197309
0
w 0.0773735462244
1
w 0.917498117132
2
w 0.822233515565
3
w 0.0652870410675
4
w 0.737951851378
5
w 0.591196691492
6
w 0.36533860084
7
w 0.900775865189
8
w 0.313005985841
9
w 0.58236639577
10
w 0.119322981575
11
w 0.820443147918
12
w 0.899228334523
13
w 0.961352037773
14
w 0.251069488197
15
w 0.0342233118507
16
w 0.484727853955
17
w 0.38655666308
18
w 0.757648954378
19
w 0.366791589244
20
w 0.976550116512
21
w 0.358178387132
22
w 0.168733655279
23
w 0.301185066875
24
w 0.453181780447
25
w 0.92661191707
26
w 0.63310956688
27
w 0.0327239260509
28
w 0.0217489975614
29
w 0.457348394506
30
w 0.963658664751
31
w 0.246274900163
32
w 0.602943104602
33
w 0.881872869387
34
w 0.553991185884
35
w 0.655439997499
36
w 0.0974824367883
37
w 0.926021097805
38
w 0.728384056013
39
w 0.0669217211103
40
w 0.457105587827
41
w 0.525824924755
42
w 0.947074097785
43
w 0.842166292184
44
w 0.367440440719
45
w 0.25936042531
46
w 0.999427317009
47
w 0.999672382066
48
w 0.880014429114
49
w 0.646983535707
50
w 0.722131144679
51
w 0.852688069031
52
w 0.332032518702
53
w 0.582868994665
54
w 0.503338454495
55
w 0.436234325506
56
w 0.946606905891
57
w 0.28100905448
58
w 0.764667236288
59
w 0.688900631214
60
w 0.400062835155
61
w 0.825155112318
62
w 0.539111441777
63
w 0.780814774932
64
w 0.197598434622
65
w 0.270618611762
66
w 0.764172168463
67
w 0.880027041038
68
w 0.355481502976
69
w 0.349700048118
70
w 0.56898292806
71
w 0.329997362735
72
w 0.00368445851479
73
w 0.537495589418
74
w 0.663758361955
75
w 0.529427605209
76
w 0.391278914403
77
w 0.284853449806
78
w 0.908812771554
79
w 0.382809748553
80
w 0.45013235875
81
w 0.601783776968
82
w 0.006956526811
83
w 0.558535810153
84
w 0.951642818456
85
w 0.926663241201
86
w 0.0345282039339
87
w 0.888377348702
88
w 0.501993133876
89
w 0.578704443971
90
w 0.677296720859
91
w 0.110826594824
92
w 0.0369647618873
93
w 0.413004897348
94
w 0.210980794293
95
w 0.289995268488
96
w 0.585355130074
97
w 0.00650688781382
98
w 0.351189691432
99
w 0.320891399475
100
w 0.926431570212
101
w 0.511471877507
102
w 0.653444662658
103
w 0.866379604479
104
w 0.245107461641
105
w 0.776074597461
106
w 0.151670593328
107
w 0.630459072387
108
w 0.21435689424
109
w 0.338304414361
110
w 0.698607534349
111
w 0.0837871647612
112
w 0.0544354846325
113
w 0.09151478256
114
w 0.489092412716
115
w 0.439478298085
116
w 0.765504527401
117
w 0.092625036343
118
w 0.345440663999
119
w 0.493471923684
120
w 0.012255665451
121
w 0.78028865644
122
w 0.24767127085
123
w 0.0988191254498
124
w 0.976839674336
125
w 0.531993719597
126
w 0.0699616555229
127
w 0.61544702278
128
w 0.300827370732
129
w 0.271304698998
130
w 0.0636422075513
131
w 0.317264372453
132
w 0.533871833566
133
w 0.210052982306
134
w 0.892076296656
135
w 0.266914241096
136
w 0.794178471852
137
w 0.663412365962
138
w 0.737026289697
139
w 0.633920336887
140
w 0.585515852791
141
w 0.673046745675
142
w 0.0911708905648
143
w 0.0956439408646
144
w 0.343984697142
145
w 0.992094721184
146
w 0.138208485632
147
w 0.811634211344
148
w 0.825109229351
149
w 0.673113771762
150
w 0.0155358781884
151
w 0.0872758546317
152
w 0.160577315586
153
w 0.870648312906
154
w 0.131720793465
155
w 0.904333287668
156
w 0.658403132578
157
w 0.0461115483591
158
w 0.805484323827
159
w 0.154908792238
160
w 0.504937392704
161
w 0.832787431529
162
w 0.124275151825
163
w 0.00376957338375
164
w 0.706317913862
165
w 0.958091141203
166
w 0.509759318699
167
w 0.722984258835
168
w 0.783703008334
169
w 0.307258475798
170
w 0.328940423702
171
w 0.983458440189
172
w 0.594832608524
173
w 0.972980994821
174
w 0.866483993089
175
w 0.694736248191
176
w 0.935383146765
177
w 0.89017981282
178
w 0.187053085889
179
w 0.25588904444
180
w 0.15214449186
181
w 0.916014599643
182
w 0.506293402325
183
w 0.448748352698
184
w 0.518196933692
185
w 0.61057733624
186
w 0.746007148194
187
w 0.786130858374
188
w 0.969759256254
189
w 0.42200592287
190
w 0.923426536348
191
w 0.362021357135
192
w 0.916378237079
193
w 0.341561176
194
w 0.382044353081
195
w 0.330629638208
196
w 0.251239471131
197
w 0.43423481221
198
w 0.614322092757
199
w 0.280373459677
200
w 0.338544866817
201
w 0.944430427307
202
w 0.130914918928
203
w 0.371453009386
204
w 0.354550170732
205
w 0.591963345559
206
w 0.855084195687
207
w 0.754073462719
208
w 0.167286306728
209
w 0.396972847716
210
w 0.71416806454
211
w 0.879533412609
212
w 0.51554793359
213
w 0.0347614878999
214
w 0.377217774281
215
w 0.436843594945
216
w 0.561389733153
217
w 0.742854082902
218
w 0.495173886527
219
w 0.193705078894
220
w 0.295943745164
221
w 0.617660833976
222
w 0.479937172684
223
w 0.164986719901
224
w 0.366685299131
225
w 0.582017387653
226
w 0.959239956928
227
w 0.430090193933
228
w 0.37515359843
229
w 0.759583786979
230
w 0.843991360636
231
w 0.450486391729
232
w 0.0505967350043
233
w 0.456421730276
234
w 0.0795168797211
235
w 0.366214425971
236
w 0.0874349405506
237
w 0.372238943043
238
w 0.508118629043
239
w 0.173651846631
240
w 0.0185294095879
241
w 0.692068712721
242
w 0.945809208923
243
w 0.19073971845
244
w 0.617880505801
245
w 0.422960742053
246
w 0.988993219015
247
w 0.912417384123
248
w 0.994338682955
249
w 0.0827411901267
250
w 0.131550147771
251
w 0.932085871659
252
w 0.825098573599
253
w 0.920277850445
254
w 0.574371816552
255
w 0.444745471626
256
w 0.516392524844
257
w 0.795444132666
258
w 0.799263555113
259
w 0.97316397686
260
w 0.30599119579
261
w 0.893126698096
262
w 0.303927659448
263
w 0.954928700512
264
w 0.921747534848
265
w 0.882478069093
266
w 0.294304535488
267
w 0.0578485442067
268
w 0.475993563853
269
w 0.665271026316
270
w 0.799784660439
271
w 0.171001702734
272
w 0.0623991670246
273
w 0.513593634462
274
w 0.175731337753
275
w 0.76289253451
276
w 0.407878707565
277
w 0.477964835564
278
w 0.076748823513
279
w 0.846063494126
280
w 0.369321970597
281
w 0.0105085326254
282
w 0.731913905043
283
w 0.782844044287
284
w 0.0157922915957
285
w 0.518678858723
286
w 0.400627600495
287
w 0.156555504355
288
w 0.0775603456551
289
w 0.569510524988
290
w 0.984364069699
291
w 0.846534205907
292
w 0.684863082747
293
w 0.304689726146
294
w 0.103286076605
295
w 0.486564093097
296
w 0.710524693183
297
w 0.911323921153
298
w 0.989877117169
299
w 0.150676457935
300
w 0.133307992997
301
w 0.64466996311
302
w 0.0188275193933
303
w 0.695667981412
304
w 0.929199908071
305
w 0.233171378357
306
w 0.196422126973
307
w 0.824155904183
308
w 0.209265993784
309
w 0.711440278822
310
w 0.92733847362
311
w 0.88394946693
312
w 0.74131152258
313
w 0.881681993658
314
w 0.211913746391
315
w 0.815555921344
316
w 0.458542008545
317
w 0.200456362991
318
w 0.137673659292
319
w 0.0392355743152
320
w 0.991751365891
321
w 0.430374427903
322
w 0.14212798836
323
w 0.545306174653
324
w 0.000504551191379
325
w 0.666076169691
326
w 0.0918781202231
327
w 0.192370185723
328
w 0.537676282895
329
w 0.890347952535
330
w 0.231845621754
331
w 0.686031366851
332
w 0.847776567658
333
w 0.0419289455968
334
w 0.13583581847
335
w 0.675021018749
336
w 0.283984332649
337
w 0.592395665585
338
w 0.613277038301
339
w 0.203668616483
340
w 0.910011755601
341
w 0.749745704309
342
w 0.148287427951
343
w 0.453349330142
344
w 0.462245648527
345
w 0.865849637664
346
w 0.738035558335
347
w 0.797227911315
348
w 0.496282574004
349
w 0.633951979013
350
w 0.963973967104
351
w 0.576793563782
352
w 0.346437962684
353
w 0.266602182589
354
w 0.441968398945
355
w 0.442918841676
356
w 0.671456512338
357
w 0.923998777626
358
w 0.77851417184
359
w 0.0983345949842
360
w 0.984927645079
361
w 0.546950589991
362
w 0.384861436728
363
w 0.830076280718
364
w 0.787535952497
365
w 0.749471909199
366
w 0.390216398396
367
w 0.553036221181
368
w 0.0613950305696
369
w 0.0275162457983
370
w 0.6955225352
371
w 0.508485765736
372
w 0.506025926406
373
w 0.164826193983
374
w 0.523610232496
375
w 0.928785511103
376
w 0.315967981914
377
w 0.599146064285
378
w 0.724244025536
379
w 0.145897795117
380
w 0.565571161553
381
w 0.420810209228
382
w 0.639513832722
383
w 0.806830787112
384
w 0.506309837486
385
w 0.691838215164
386
w 0.296244195756
387
w 0.215571409556
388
w 0.726376492516
389
w 0.527721108442
390
w 0.704918032293
391
w 0.729461756682
392
w 0.686045600133
393
w 0.197686376036
394
w 0.599880202734
395
w 0.359549588365
396
w 0.722189715891
397
w 0.518872830006
398
w 0.753406452615
399
w 0.567640142813
400
w 0.739196822124
401
w 0.481906978106
402
w 0.481756695796
403
w 0.160163880533
404
w 0.494410327609
405
w 0.514084437109
406
w 0.189098388975
407
w 0.675201517566
408
w 0.114755321377
409
w 0.956247334119
410
w 0.518049089028
411
w 0.853101566361
412
w 0.418278027302
413
w 0.0930217868933
414
w 0.0816988813386
415
w 0.777930217725
416
w 0.697562827586
417
w 0.257132884526
418
w 0.281065961898
419
w 0.612673811192
420
w 0.918246272597
421
w 0.144194715141
422
w 0.827969690145
423
w 0.613853181157
424
w 0.0193276473997
425
w 0.82440725507
426
w 0.521680155041
427
w 0.92962129185
428
w 0.746579693366
429
w 0.675840712625
430
w 0.275805873943
431
w 0.361003059574
432
w 0.213153408855
433
w 0.444827009915
434
w 0.588561145989
435
w 0.245284959391
436
w 0.483009338286
437
w 0.712476796067
438
w 0.407875390055
439
w 0.298367186673
440
w 0.969095834259
441
w 0.0836154994815
442
w 0.407878443068
443
w 0.890490358621
444
w 0.266954209733
445
w 0.936613975067
446
w 0.815345678513
447
w 0.933383107743
448
w 0.296228495276
449
w 0.974272705499
450
w 0.872128604005
451
w 0.69453675708
452
w 0.367205086216
453
w 0.179181602918
454
w 0.486287903013
455
w 0.837783598408
456
w 0.706676480837
457
w 0.530864636677
458
w 0.393811678716
459
w 0.750498985194
460
w 0.316281816403
461
w 0.94694463803
462
w 0.173447145306
463
w 0.188380592478
464
w 0.686507352647
465
w 0.58580074758
466
w 0.754928168026
467
w 0.736269586946
468
w 0.837447384628
469
w 0.368179837475
470
w 0.571238694414
471
w 0.431414566162
472
w 0.379946509205
473
w 0.522554217647
474
w 0.813989497492
475
w 0.9430962962
476
w 0.0880236718591
477
w 0.411207981262
478
w 0.69775964218
479
w 0.0718711181889
480
w 0.706703342404
481
w 0.155503570746
482
w 0.827063459534
483
w 0.297182689626
484
w 0.356115833811
485
w 0.928024456822
486
w 0.936344002076
487
w 0.947499129129
488
w 0.265553925732
489
w 0.960931898069
490
w 0.783209928013
491
w 0.775472346308
492
w 0.570847143572
493
w 0.881229810823
494
w 0.859733962358
495
w 0.213154816729
496
w 0.0900730522111
497
w 0.706083910441
498
w 0.907856988601
499
