100
613 998
660 562
231 752
960 209
560 727
907 424
995 778
284 465
649 867
204 670
322 1022
430 974
166 894
408 500
312 432
443 717
738 120
103 531
622 876
51 674
949 812
990 204
631 565
178 222
813 727
954 725
784 260
790 844
16 383
513 559
265 446
261 215
944 97
419 952
969 821
76 805
673 18
12 536
52 218
808 3
1020 388
693 78
117 434
880 749
698 782
71 957
837 178
856 920
747 963
67 416
706 670
18 132
678 349
473 282
333 60
865 602
546 146
233 795
902 171
951 842
952 22
328 480
323 472
738 235
254 751
165 91
919 566
303 425
25 80
255 203
986 268
324 729
182 273
309 588
174 470
13 658
697 651
526 892
319 599
508 715
168 859
77 77
632 419
217 909
889 245
792 502
886 791
408 19
918 311
1016 877
429 262
968 886
997 626
566 868
454 919
670 769
519 39
663 528
1019 148
845 884
100
0.133449329135
0
0.387086485621
1
0.152654491128
2
0.975486110763
3
0.49629584575
4
0.446662038418
5
0.106025497519
6
0.713501658956
7
0.657559812162
8
0.747509190554
9
0.116365576508
10
0.802856071366
11
0.970270246512
12
0.234967050004
13
0.70529106491
14
0.797995335965
15
0.326953807888
16
0.0649107080887
17
0.754176882411
18
0.885948980652
19
0.0212415768608
20
0.487263856278
21
0.0284714143234
22
0.0488106694622
23
0.53434940815
24
0.0448509222889
25
0.911056210595
26
0.243528341135
27
0.437374327479
28
0.0130532567004
29
0.474917932097
30
0.223018758245
31
0.591442674741
32
0.489736947788
33
0.288483683116
34
0.964285021525
35
0.472163986565
36
0.709693302213
37
0.668744628757
38
0.83548191707
39
0.123038763052
40
0.464757193258
41
0.491080039803
42
0.892800272385
43
0.489439414969
44
0.189437035167
45
0.13682326032
46
0.0402092997207
47
0.237873492122
48
0.136176491671
49
0.439239574444
50
0.818372467306
51
0.356017378406
52
0.0749818286967
53
0.00739696310909
54
0.819930222174
55
0.447440347994
56
0.0310094165468
57
0.409277464169
58
0.680298108397
59
0.147808766683
60
0.300740109882
61
0.881872224253
62
0.955221538755
63
0.546574850405
64
0.159838188778
65
0.540330842603
66
0.761703955349
67
0.0907596873929
68
0.943184256555
69
0.994883584509
70
0.375282365257
71
0.701232780342
72
0.823862895963
73
0.300771282532
74
0.908402068517
75
0.240716653554
76
0.105799783178
77
0.964743011028
78
0.562254493836
79
0.476465177174
80
0.454117566078
81
0.167300991706
82
0.0448948254278
83
0.561542726064
84
0.64761869986
85
0.620381049232
86
0.578184933653
87
0.034332205555
88
0.920776609421
89
0.730978778793
90
0.772211161965
91
0.707518593854
92
0.960826688605
93
0.528664939148
94
0.964643742328
95
0.954985632934
96
0.308171059996
97
0.424861042409
98
0.512621081597
99
