50
323 343
404 84
238 495
130 660
959 868
983 158
280 512
971 204
983 229
13 761
638 638
472 549
445 475
242 91
755 948
336 251
891 316
226 703
34 231
1015 267
313 968
748 693
578 323
53 692
358 158
509 175
539 560
346 531
335 970
129 950
474 168
727 866
506 521
154 74
778 904
991 1001
657 753
430 122
103 678
533 602
993 989
778 33
1004 734
220 636
954 862
464 128
157 177
509 318
568 159
553 33

50
w 0.170080358122
0
w 0.854084938154
1
w 0.561408685846
2
w 0.697205281818
3
w 0.658425613403
4
w 0.493765102781
5
w 0.535041356436
6
w 0.203501141099
7
w 0.667765561671
8
w 0.351241352108
9
w 0.667898232864
10
w 0.433775348708
11
w 0.388119487978
12
w 0.190387174814
13
w 0.604908417657
14
w 0.661453138528
15
w 0.471008006452
16
w 0.210041852399
17
w 0.194298785707
18
w 0.73762497627
19
w 0.3629339538
20
w 0.64476852011
21
w 0.164056218967
22
w 0.243609793679
23
w 0.740153374357
24
w 0.411363490105
25
w 0.207497487795
26
w 0.139788037829
27
w 0.493601724431
28
w 0.546751214836
29
w 0.700862856569
30
w 0.554313091332
31
w 0.238406589851
32
w 0.485247347032
33
w 0.235402905381
34
w 0.357312205088
35
w 0.115113126372
36
w 0.292741628178
37
w 0.612837512185
38
w 0.479001093119
39
w 0.237171322639
40
w 0.591405650189
41
w 0.354249131033
42
w 0.540163626348
43
w 0.395056871882
44
w 0.229260029728
45
w 0.473223480879
46
w 0.809913055428
47
w 0.207760674981
48
w 0.813630872748
49
