20
29 425
466 86
224 666
63 713
653 453
981 1021
1000 422
347 0
667 878
575 314
461 185
519 857
389 740
595 538
841 467
294 0
769 982
758 729
726 431
934 250

20
w 0.745391564114
0
w 0.911344951338
1
w 0.502368680346
2
w 0.00153314160094
3
w 0.632146908069
4
w 0.459557404214
5
w 0.511629523672
6
w 0.0648320825468
7
w 0.250910814726
8
w 0.199375149839
9
w 0.471601599762
10
w 0.949912218358
11
w 0.349988665695
12
w 0.261482558183
13
w 0.445008279038
14
w 0.126455251557
15
w 0.404733286105
16
w 0.645683814305
17
w 0.482850872254
18
w 0.0627916767706
19
