50
933 21
149 816
632 812
161 704
261 343
740 557
270 305
519 325
494 112
163 452
978 50
349 46
522 254
178 107
397 518
455 727
890 976
541 218
260 726
412 948
497 283
300 906
62 480
150 366
40 726
790 678
584 828
429 801
990 848
299 143
766 369
965 862
50 147
956 975
475 912
808 634
603 46
488 576
799 75
174 104
962 737
165 30
547 993
587 630
33 614
265 278
274 166
227 1000
163 575
56 744

50
0
1
2
3
4
5
6
7
8
9
10
11
12
13
14
15
16
17
18
19
20
21
22
23
24
25
26
27
28
29
30
31
32
33
34
35
36
37
38
39
40
41
42
43
44
45
46
47
48
49
