10 -5 40 10 5 -20 60 0 -10
-10 -50 -20 10 -5 40 10 5 -20
-10 -50 -20 10 -5 40 60 0 -10
60 0 -10 10 5 -20 -10 -50 -20
-10 5 -40 -10 -5 20 -60 0 10
10 50 20 -10 5 -40 -10 -5 20
10 50 20 -10 5 -40 -60 0 10
-60 0 10 -10 -5 20 10 50 20
-45 -45 45 -45 -30 10 -45 -10 40
-45 -45 45 -45 -30 10 -25 -35 35
-45 -30 10 -25 -35 35 -45 -10 40
-25 -35 35 -45 -10 40 -45 -45 45
45 45 -45 45 30 -10 45 10 -40
45 45 -45 45 30 -10 25 35 -35
45 30 -10 25 35 -35 45 10 -40
25 35 -35 45 10 -40 45 45 -45
45 -45 45 45 -30 10 45 -10 40
45 -45 45 45 -30 10 25 -35 35
45 -30 10 25 -35 35 45 -10 40
25 -35 35 45 -10 40 45 -45 45
-45 45 -45 -45 30 -10 -45 10 -40
-45 45 -45 -45 30 -10 -25 35 -35
-45 30 -10 -25 35 -35 -45 10 -40
-25 35 -35 -45 10 -40 -45 45 -45
-45 45 45 -45 30 10 -45 10 40
-45 45 45 -45 30 10 -25 35 35
-45 30 10 -25 35 35 -45 10 40
-25 35 35 -45 10 40 -45 45 45
45 -45 -45 45 -30 -10 45 -10 -40
45 -45 -45 45 -30 -10 25 -35 -35
45 -30 -10 25 -35 -35 45 -10 -40
25 -35 -35 45 -10 -40 45 -45 -45