72 
254.6 220.3 278.6 239.0 353.5 241.9 491.9 166.9 470.6 82.5 321.5 45.0
98.2 63.7 45.0 204.4 151.4 429.3 247.2 457.5 459.9 420.0 473.3 295.7
428.1 260.6 332.3 288.8 257.8 279.4 231.3 263.7 225.3 276.3 257.8 298.1
332.3 307.5 422.0 277.7 457.3 302.3 438.7 410.6 250.0 442.2 164.0 416.9
66.2 204.4 108.6 76.9 316.6 56.9 449.3 91.9 470.6 157.5 353.5 223.1
289.8 223.1 262.5 202.5
1 2 3 4 5 6 7 8 9 10 11 12 13 14 15 16
186.6 154.8 173.3 167.5 153.3 168.2 115.5 144.0 121.4 111.9 162.9 97.5
225.1 104.6 240.0 158.3 210.3 244.2 183.6 255.0 124.3 240.6 112.6 190.2
133.3 179.8 160.0 190.6 180.7 187.0 191.3 179.5 194.0 184.2 180.7 194.2
160.0 197.7 133.3 186.9 121.3 193.5 130.3 237.1 180.7 251.5 207.4 240.6
234.1 158.3 219.3 111.5 162.0 104.2 127.4 115.4 121.4 140.5 156.0 160.2
171.3 161.5 183.6 151.3
2 
32 31 30 29 28 27 26 25 24 23 22 21 20 19 18 17 16 15 14 13 12 11 10 9 8 7 6 5 4 3 2 1 32
41 42 43 44 45 46 47 48 49 50 51 52 53 54 55 56 57 58 59 60 61 62 63 64 65 66 67 68 69 70 71 72 41
